   -0.2268
   -0.3184
   -0.1090
   -0.1175
    0.0073
   -0.0508
   -0.2420
   -0.1305
   -0.3395
   -0.1900
    0.1369
   -0.0104
   -0.0621
   -0.1910
   -0.2111
    0.1185
    0.3198
   -0.0008
   -0.4142
    0.3601
    0.0150
   -0.0984
    0.1691
   -0.2163
    0.0483
   -0.2735
    0.4037
    0.0255
   -0.0930
   -0.4593
   -0.2082
   -0.2321
   -0.2516
    0.2415
   -0.2333
   -0.2106
   -0.1946
   -0.1542
    0.0006
   -0.0083
    0.4243
   -0.3963
   -0.0527
   -0.2615
    0.1424
    0.1455
    0.5302
    0.5169
   -0.0084
    0.3446
    0.0944
   -0.1763
    0.1740
    0.1584
   -0.1661
   -0.1720
    0.4576
   -0.3578
   -0.2787
   -0.1894
    0.2935
    0.2315
   -0.0448
    0.1834
   -0.1150
    0.2527
   -0.1917
    0.3541
    0.0595
    0.3650
   -0.1367
    0.0627
   -0.1612
    0.2754
    0.2735
    0.0356
    0.2986
   -0.0304
    0.0148
    0.2694
   -0.2486
   -0.1823
   -0.1751
   -0.0638
    0.0511
   -0.4778
    0.1362
    0.1762
   -0.0794
   -0.1428
    0.4061
    0.1762
   -0.1887
    0.0457
    0.2068
    0.3610
   -0.0920
    0.2352
    0.2878
    0.1910
    0.2001
   -0.0552
    0.3725
   -0.3966
    0.2978
    0.2709
    0.0476
    0.1800
   -0.1524
   -0.1596
   -0.1824
   -0.4452
   -0.2088
    0.0890
   -0.4617
   -0.0245
   -0.3719
    0.2768
    0.3998
   -0.2643
    0.0243
   -0.4246
    0.4984
    0.0760
   -0.3486
   -0.1887
   -0.2912
    0.0766
    0.2798
    0.1890
   -0.1229
    0.2431
   -0.2040
   -0.3735
   -0.6100
   -0.1083
   -0.1386
    0.3783
    0.2649
    0.1272
   -0.1611
   -0.3108
    0.1303
   -0.1673
    0.5864
    0.1234
   -0.1300
    0.1426
   -0.3871
    0.4395
   -0.1659
    0.5913
   -0.3096
    0.2355
    0.0418
   -0.2766
   -0.4712
    0.2058
   -0.1919
   -0.1987
    0.4998
    0.1354
   -0.1774
   -0.3150
   -0.0399
    0.1625
   -0.1887
    0.1024
   -0.2909
   -0.3866
    0.5305
    0.2090
   -0.4393
   -0.3506
    0.0256
   -0.0048
   -0.2828
   -0.0840
   -0.4731
    0.1186
   -0.2227
    0.2662
    0.2601
    0.3515
    0.5970
    0.0262
   -0.2957
   -0.4146
    0.2850
    0.1690
   -0.1331
   -0.2216
    0.0207
    0.1150
   -0.1313
    0.0505
    0.1029
    0.2184
    0.5224
    0.6227
    0.2563
   -0.1924
    0.3181
    0.2130
    0.1361
   -0.0792
    0.3201
    0.3737
   -0.3681
   -0.0507
    0.1246
   -0.3318
    0.0636
    0.0428
   -0.2098
    0.2973
   -0.2286
   -0.2631
    0.0454
    0.4709
    0.2166
    0.0774
   -0.0143
    0.0807
   -0.2199
   -0.3721
    0.0293
    0.2866
   -0.0627
    0.0291
   -0.0192
    0.1862
    0.0646
    0.2888
    0.1364
   -0.2762
   -0.1454
    0.0893
   -0.2835
    0.0273
   -0.1453
   -0.3974
   -0.0316
   -0.0395
    0.4605
    0.0131
    0.3246
   -0.2170
    0.2142
   -0.5569