    1.0807
    0.7558
    1.1433
    0.6806
    0.8890
    0.6919
    0.9681
    0.8743
    0.6698
    0.5102
    0.6879
    0.6700
    0.9163
    0.5908
    0.7027
    0.4273
    1.1152
    0.8422
    0.9571
    0.5746
    0.9820
    1.4613
    1.2898
    1.2710
    1.2792
    1.1516
    0.8581
    0.2134
    0.8849
    0.7667
    0.9301
    1.2633
    0.5933
    0.8543
    0.6602
    0.5866
    1.3324
    1.0009
    0.5633
    0.8997
    0.9550
    1.1167
    1.1965
    1.0946
    0.8789
    1.0439
    0.8808
    0.3576
    0.5553
    0.6599
    1.2118
    1.0774
    0.6037
    1.0567
    1.0587
    1.2344
    1.1981
    1.0261
    1.2728
    0.4562
    1.1316
    0.9761
    0.9830
    0.4658
    1.0375
    0.7965
    0.8009
    1.2397
    1.0189
    0.4918
    1.0484
    0.8785
    1.0577
    0.7405
    0.6982
    0.2629
    0.6063
    0.7423
    0.9916
    1.1933
    0.4399
    0.8210
    1.2827
    0.9022
    1.1147
    1.0592
    0.9801
    0.3659
    0.9203
    1.4565
    0.8210
    0.8009
    0.4723
    1.3242
    0.3916
    1.0074
    1.1188
    1.3478
    0.6779
    0.9624
    0.5326
    0.4897
    0.9233
    0.8641
    0.5446
    0.6551
    0.7560
    1.1876
    1.1087
    0.8226
    1.1029
    0.8753
    0.3186
    0.7975
    1.1188
    0.7416
    1.1491
    0.7693
    1.2023
    1.0254
    0.6600
    0.9528
    0.7330
    1.1298
    0.7437
    0.4747
    0.5277
    0.8743
    1.1595
    1.2231
    0.8142
    1.0550
    0.9776
    0.5884
    0.4580
    0.9914
    0.7939
    0.9154
    0.6766
    1.2902
    0.8619
    0.4298
    0.4662
    0.5070
    0.8360
    0.7539
    0.5961
    1.0288
    0.7044
    1.1492
    1.0052
    1.0925
    0.5783
    0.8435
    1.0013
    1.1249
    0.7407
    0.5232
    0.7143
    1.3537
    1.2915
    0.9026
    0.8838
    0.3884
    0.9321
    0.8347
    0.7254
    0.4872
    0.4357
    0.4400
    1.2097
    0.7850
    0.7386
    0.8729
    0.6773
    0.9349
    1.0687
    1.0713
    1.0141
    0.6772
    0.5752
    1.2511
    0.9226
    1.2280
    1.2773
    1.0046
    1.0852
    1.1657
    0.7261
    0.8540
    0.6813
    1.3368
    1.3176
    1.2887
    0.8411
    0.9927
    0.4952
    0.7676
    0.5412
    0.8440
    0.6491
    1.0018
    0.9823
    0.9482
    0.5336
    0.9922
    1.2001
    0.6540
    0.7939
    1.3667
    0.8060
    1.1100
    1.1939
    1.4352
    0.7562
    0.6966
    1.0539
    0.9838
    1.1394
    0.9039
    1.1349
    0.8633
    1.3462
    0.7052
    1.0995
    0.7840
    0.9300
    1.1367
    1.4188
    0.7248
    1.0626
    1.0733
    1.3085
    0.7134
    0.8443
    1.3539
    0.5042
    0.8464
    1.2391
    1.0711
    0.9618
    0.8870
    1.4068
    0.8882
    0.5185
    1.1408
    0.8748
    1.0041
    1.0031
    0.3153
    0.8140
    0.6040
    1.2518
    1.0668
    0.8337
    0.7721
    0.5225
    0.9026
    0.8936
    1.3803
    1.2350
    1.0046
    0.5907
    0.7294
    1.0552
    0.9084
    1.2469
    0.6821
    1.4087
    0.5261
    0.7660
    0.4810
    0.8922
    0.8300
    0.5118
    1.0456
    0.7045
    1.1464
    1.0300
    1.3266
    1.2415
    0.9252
    1.1958
    0.6655
    0.7338
    0.9117
    0.9668
    0.7083
    0.3200
    1.1806
    0.7188
    0.8668
    0.7400
    0.4177
    0.4339
    0.6546
    1.2495
    0.9426
    0.5042
    1.0110
    0.9069
    0.6229
    0.1800
    1.0041
    1.2846
    1.0699
    0.9454
    1.2843
    0.9409
    0.8669
    0.9317
    0.3867
    1.3637
    0.9574
    0.8166
    1.0307
    1.1480
    0.8938
    1.0273
    0.6455
    0.4517
    1.2424
    1.0296
    1.3659
    0.9339
    0.3405
    1.0902
    0.8277
    1.1295
    1.1974
    0.7033
    0.6962
    1.1175
    1.0332
    1.0459
    1.2447
    1.3529
    0.8831
    1.2575
    0.6052
    0.3677
    1.1174
    0.8193
    1.2346
    1.3892
    0.7040
    1.0833
    0.4515
    0.9162
    1.1401
    0.7466
    0.5086
    1.1565
    0.9814
    1.0754
    0.9234
    1.4153
    0.7550
    0.9296
    1.1260
    1.3986
    1.1895
    0.8667
    1.1255
    0.8719
    1.2942
    0.7014
    1.1085
    0.3336
    1.1115
    0.9906
    1.1650
    1.0869
    0.4643
    1.2673
    0.8299
    0.6785
    1.0405
    0.6658
    0.8385
    0.9199
    0.7502
    0.8123
    0.3536
    0.6700
    0.8215
    0.9112
    1.2556
    1.0096
    0.6499
    0.9404
    1.1613
    1.2162
    1.5286
    0.8409
    0.8734
    0.5231
    1.3570
    0.3570
    1.1379
    0.6444
    1.0231
    1.2689
    1.1520
    0.7117
    1.0167
    0.5782
    0.7801
    0.9530
    1.4155
    1.4234
    1.3890
    0.8491
    1.1074
    0.6041
    1.0786
    1.1896
    0.6357
    0.7714
    0.6172
    0.8904
    1.3069
    1.2202
    0.5813
    0.8126
    0.9423
    1.0392
    1.2335
    1.0410
    0.5178
    0.3675
    0.7328
    1.0938
    0.9826
    1.0408
    0.5088
    0.7346
    0.8515
    0.4930
    1.2368
    0.7058
    0.9647
    0.6978
    0.7321
    0.6773
    0.6168
    0.5066
    0.5768
    0.9544
    0.7944
    1.2550
    0.7790
    0.8906
    0.9053
    0.4802
    0.7663
    0.7426
    0.6720
    0.8906
    1.0919
    0.8438
    0.6763
    0.5736
    0.8391
    0.6419
    0.7023
    0.6482
    1.2228
    0.9883
    1.2531
    1.1458
    0.5663
    0.7822
    0.4839
    0.8570
    1.2352
    1.4007
    1.0362
    1.1905
    1.2624
    1.2671
    0.9890
    1.1609
    0.3895
    0.5983
    0.4790
    0.7481
    0.8312
    0.4945
    1.2239
    0.8163
    0.7404
    0.3559
    0.7262
    1.0886
    1.0038
    0.7940
    1.0611
    1.4078
    0.5802