0.5779572763973055
1.322694814077772
1.0156195963209405
0.7747611367282807
0.7868794000749588
1.1322819044103611
1.1291564663787035
0.42717525476191087
0.8378218195791356
0.9681386179405435
1.3214982423593347
0.8326948489662892
0.9411538812048338
1.1844125355367705
0.877298116741895
1.0022716011090802
0.5779058321224161
0.8719480762272815
0.7277047473489218
1.1874758016095663
0.6751456813013688
0.9916768521856532
0.9010033666022204
1.167005481507223
0.7656105244931956
0.5451352320812125
1.1013711887271629
0.7785040651071115
0.7149614929446931
1.298519058183007
1.1174495630977987
1.286772496380146
0.8305725152123816
0.704252856281484
0.5941918462785687
1.135522109732721
1.0384051670570493
1.1441232295421595
0.6078604309029252
1.3336784493380112
1.0155464956819902
1.1280660867549754
0.91495439117328
1.2162476845234762
0.5040919205695555
1.1667598620848416
1.2993059403994014
0.547572982751336
1.0801220903732125
0.7779893620087389
0.7117214426098275
1.0424106931596868
1.2925126819675765
0.5872459502035872
0.7482306464319757
0.7066252926405516
0.9889569646966088
0.633016812811112
1.1543479076555663
0.455967051330136
1.2632491525045055
1.27843781553698
0.6850867984485718
0.5600567793065624
0.9002040404469531
1.2984420357541182
0.5728493912969093
1.154879082573188
0.747712204622222
1.0753897788285904
1.1875880363146876
0.8586630460825717
0.6536247294774788
1.2462300756913605
1.2002570187787633
0.5585340873616103
1.0856826509599944
1.0709509555871117
0.7120799520860053
0.7050367388703382
0.6777246607784022
1.1746839966551186
0.5145088140875509
1.227798437128936
0.9113847181808805
0.6967813914166832
0.5610556138673692
1.3137685407906283
1.2149845215931125
1.0627632468449113
1.1375480673825071
0.5804440504636689
0.8652872943710894
0.38325634917583895
0.7137774864665862
1.210628678285802
1.2291145647316446
1.3139174994227063
1.2289121036721204
0.9131573622105718
1.23732194192327
0.7100316103720625
1.0953071963848409
1.2745025950871447
1.1641655158241977
0.8487664315728878
1.1682921141418505
0.5729125542767495
0.7847983950096346
1.2396741836872929
0.8510229012271238
1.2772832859144825
0.7719997262841222
0.7908450654257573
1.0806845233849622
1.2713725120682144
1.3112693347502073
0.5435943115358508
0.6945469840763131
1.2727342727415998
0.6677975094375608
1.17913648171196
0.792667087377183
1.2558314372580035
1.2719688902587156
1.25770006523378
0.5089478429558205
0.5055545129947552
0.7007432417938344
0.748924591682448
1.2241205305261547
0.6930282243962876
0.5485699361669506
0.9350043282243821
1.3114894212694148
1.0524823796766831
0.6030577864670987
0.4863137187581493
0.7879353426640494
1.0694985562305745
0.8996465899592287
0.5457538083998699
1.2903206400460432
0.5744796429924547
1.068940072504891
0.5599477359277145
1.0373958842280269
1.1539438384972782
1.020120911102159
1.1592765573103225
1.1873452637822712
1.1705495823096828
1.075988998225757
1.3208764265097266
1.2231961944437693
0.9165156046289549
0.5736616378470534
0.7222190796592654
0.5953736524773671
1.2486575786936276
1.159340612614725
1.101741554088859
0.9140091850485004
0.9576825050967828
0.9789493124949664
1.0012716214803437
0.5303805764752794
1.2558995457047146
0.5981710924568326
1.168376279769711
1.2316433110611777
0.6398038190207549
1.2833317182006092
0.781319355760447
0.5495649199039806
1.3244327957961457
0.6572652386128517
0.6372626894867919
1.0135826977950844
1.2187945368681428
1.1749212624584164
0.9266645992114113
0.6579391744180982
0.5339605416799791
0.8128638926830127
1.2875277077662712
1.2255852073224456
1.085762481034159
0.9486296523883626
0.6508770267909512
0.595170196758493
1.3130482721146346
0.5809865178360083
1.1143454434336544
1.3103969863401344
0.5545079057142985
0.665049432773437
1.2098924879677684
1.019193983719505
0.7044115137315006
0.903345031689985
0.5515552574939973
1.2094772505960483
1.2632346840009436
0.9748112061514782
1.2572714712839363
0.8985998056056321
0.9348436057011282
1.085232842375512
1.1046888894960605
0.9188613762656594
0.4857593721951563
0.5070644106716744
1.0182246511494784
1.2237019987898667
0.7693557139298812
0.5155505261889122
1.0962965662438333
1.2543696465012535
1.1665168375918606
0.6342915061741861
0.7183177033452461
0.8209832043851832
0.5714292072242462
0.593565914944564
0.5495299567051187
0.9724315518700144
0.9417343978800936
0.9045720416532164
0.6881259883801616
1.0951308365914882
0.8264598515032279
1.1862814212315815
1.318945644125495
1.137605494317829
0.8714248528554773
0.5130697573655687
0.5955370560181118
0.523096922544963
0.8999238862245343
0.7992738375086246
0.719501753488484
0.8835275502041716
1.1028982050491292
1.2449851304323103
0.5874233894522752
0.791739662108401
1.2097718003652775
1.0910275822122872
0.621586103369772
0.6019147433386742
0.9699273449044459
1.1786079605389883
0.3835086804086817
0.49751106309472287
0.6879906542436405
1.065727162798745
1.0378309772750858
0.8653965976744795
0.8305306788903296
0.5760068725443706
0.963313777764581
1.180667636079887
1.3204742217084846
1.2973429866315676
1.2357131119586442
0.4481890025786053
0.8788712333953645
0.5944803679779707
0.8242317717665615
1.3359569698181568
1.0969785189635244
1.2124650581859797
0.8154043411159693
0.6043375927185651
1.1177551198910562
0.8188673050432411
0.6388588455952036
0.49881439588965537
0.5644884962563934
0.7640760194818754
0.7673339694111154
0.6519318088820065
1.3280136009083774
0.9411779332637173
1.1286550533230184
1.1591201511377236
0.7236132550225984
0.9564668223948618
0.6553682096673962
0.9197119581109362
0.6121887249557898
0.65958053670485
0.7715769716633454
0.7151260318969033
0.609082777480677
1.2738951809459274
0.7464882804041495
1.2431325845660277
0.5654299538296476
0.9420941156749842
0.6016024707005806
0.65810154937957
0.7979397500704978
1.0052672792459112
1.1765807585266468
1.2550026861086456
1.1222623748058265
0.752132066053384
1.179757087289486
1.2717757597539592
1.2530288847956823
0.8148728664959277
1.0724016628480921
0.5942624714962592
0.4859596663488126
1.1986318849410176
0.9984103241004428
0.6110139636904606
1.1997020228032114
1.3076521309745746
0.7778159684278976
0.47390979020892776
0.5541930911521126
1.2972954879766005
1.1595287755670811
0.6316101673622629
0.820575941717786
0.6921252332732588
0.5721251769369217
1.14987932221499
1.270475957819691
0.41748444072679103
0.6491649024555759
0.905882466371168
0.8848457527538929
0.8674605141796364
0.466888128079839
0.5414259623136548
0.6099644758315435
1.004158083040039
0.608034951462724
1.3354015554317793
1.2896532761101371
0.502637040506995
0.5586388495723967
1.0986894352516339
1.320124623318496
1.0442730993337839
0.6578842588752272
0.6426103519579693
0.9681603798543126
1.2703112493421516
0.5717567582142044
0.6288512665502664
0.8431756766232845
1.132109511886685
0.9320044839297831
1.1701497149022861
1.1927409344515332
0.8122185886158011
1.2439770261809682
1.138198929907016
0.8859192873601885
1.067328252727933
0.747140149144196
0.600482781509219
1.2876051841557992
1.188378991834321
0.6499133784815556
0.7530203220577285
0.6330841803631946
1.042907351386354
1.2225733557820815
0.7754051242492626
1.3250483703029352
1.2160992359414309
1.0783714304913763
0.7256621249080482
1.020364129175273
0.6129634590340658
1.2879459093199235
0.4872083922885419
0.9961150323725807
1.028599325561455
0.7094562430912593
1.0414263391489718
0.9345546626195269
1.1995643272010288
0.6042458041860851
0.9949801345288638
0.705932267059154
0.6452686615000991
1.1551103662744617
0.4960138448320869
0.8207761926986092
0.9013094609428454
1.195582193477969
0.9074914572121275
1.1030972926614762
1.1421721504499427
1.0238836560829747
1.2581375867091402
0.8992549109931642
0.5652982198902263
0.598571356783231
1.0176375709466305
1.021454598188653
0.7617099235327541
0.6885983952191235
1.2344577688182197
1.2554706877437118
1.2303492602550874
1.1714805929406682
1.282180950893959
0.42463382974031466
1.3156056704370591
0.8308756483425913
1.1907928015773699
1.1847634864160599
0.6080916388368973
1.2307193965967356
0.6982017117178676
0.9315819102714027
1.1857001767289708
0.575461848681795
0.6253414533574561
0.6714737113170139
1.2455914622224524
0.964058285155727
0.5128432932264777
0.6929531451600723
0.5274478112521593
0.7501307263723833
1.3044230904566152
0.9376638087627323
0.6329625700149357
0.7946429223951307
0.5947422918294427
0.6159901612388929
1.2457538750490593
0.6188667344252274
0.5300091473076038
0.548742929731901
0.9914984015726569
0.9049646795969419
0.8962865701317273
1.0140281814385863
0.9999082654506923
0.634660838957321
0.5253574342320211
0.6828470847669108
1.1123022285240505
0.6831364507770854
1.2886989959391866
1.1925397836438631
0.6790230576700136
0.8041931370541024
0.4014101692664304
1.0064428692917033
1.1556893326257818
1.2838318432468956
0.7101081738289324
0.6353942044248455
1.2033552890779864
0.4807850747619787
1.153786905506168
0.6150339862905517
0.961107569790675
0.7859550182141017
0.6163750715672814
0.6539474211143295
0.6021755407999639
1.336561116244222
1.016684545024488
0.6330071800643647
0.94610700115981
0.4127992364240277
0.6819297454186013
1.0768239602804799
1.2428276975450694
1.2270134568011937
0.9476674713328586
1.074609561568299
0.914679412571041
1.2581113192807314
0.836666925388313
1.2809589041550336
0.6799135874404459
1.328580011731628
1.2948740817522126
0.3956978785843739
0.7449358284390598
1.0669883344029367
0.7300307350564259
0.7810662826145756
0.5271170261925459
0.9930485104238511
0.9019025955404478
0.811625270611223
