-1.247618312715936
0.8272799248157998
-0.038783664591738654
-0.7160375574585544
-1.2684594835539296
-2.1083727652110555
1.9349312939963184
-0.8180327957825396
-2.0403681207492523
1.1554562790060086
2.096803981251118
-0.061064150483487234
-0.5360085522593373
2.1883588182321465
1.1260885157995792
-1.1130802767227517
-0.35041932277122645
1.4089131808092465
-0.6942467931266985
1.5578119232054153
0.8667237593573542
0.7687591453953264
1.7064250835931105
1.4858212264339496
0.8126876466039645
1.5368266756973974
2.9120691943930987
2.2344688979683593
2.783479682739852
0.8507685758785697
2.305595019106892
0.560025053349976
2.461278376388312
1.4699402488002464
1.6488198580478264
1.0297988216060132
4.502672302283481
2.8003464408558854
2.3020112199013427
3.253414767805551
2.52933379217727
4.306303815967361
2.453222944724581
5.187863527182644
1.653762297712936
4.166840272474725
1.462592835326984
4.387546623491021
4.363418114588114
3.768275496296972
3.120907096797162
3.844164465410845
4.731546114758131
4.082973869411875
5.228406523245237
4.756946019568323
3.681213207686066
5.964603678313117
5.211532557598858
6.214853233876357
5.396998825539811
5.254162883322233
5.9678401988696255
5.7873003053396745
5.641407556347802
3.7783453044215096
6.616298625969071
5.523405319221357
5.698685172770314
5.403932046499958
7.3333002903339795
5.865328450088995
5.727840301214331
5.9817510350203085
7.4295910159903675
6.666920295032014
5.959068462326169
5.942601544934826
8.426423432387795
7.557257357154862
5.943321886649654
8.118691355090089
8.438630891248073
6.5528112107655465
7.3112593476257635
8.167825867232008
7.709803220795105
6.615977032972103
7.840543650904419
7.831843914419714
9.25847913450701
8.193492141151511
8.436854097960605
9.25245283074367
7.400198470475481
7.984706471680051
8.909303371147397
8.33235178083115
8.5822579333807
9.948616954124475
10.215311677165898
7.974387465944126
9.0920059858849
10.385504223006858
9.062989587019844
8.367963458971667
8.595915635688966
8.840618242105439
10.479336379391514
9.585029098201327
10.028229190703497
9.861384400699777
10.3280026344408
8.61745217184712
11.259971339047295
10.28445377429907
11.491940555047211
12.443171946596731
12.995682893173347
11.241250715952765
11.30240948664536
10.258913362466657
13.89468492681422
12.399382684302216
10.986869668673924
11.912342405451575
12.652577499404075
10.755712470513922
