    8.0146
   -4.3473
   -0.4912
   -0.3815
   -0.7878
   -0.8017
   -3.1028
    0.6967
    2.3239
   -0.2952
   -1.3518
    0.8762
    2.6874
    0.9600
   -0.8698
   -0.4806
    0.6898
   -0.1501
    2.0130
    0.0512
    0.8189
    1.0506
    0.8352
    1.6204
    2.0785
    1.3482
    1.6634
    3.5769
    1.3304
    2.3516
    0.6925
    2.0443
    0.9741
    2.4684
    1.7673
    2.1388
    0.9854
    4.3194
    3.4776
    1.9823
    3.7356
    2.5663
    4.8283
    2.5558
    4.6538
    1.2133
    5.0516
    2.7084
    3.0940
    4.1096
    4.4036
    3.5343
    3.6680
    5.0250
    3.9107
    4.5948
    6.1468
    4.2690
    5.9499
    5.7345
    5.6312
    5.3108
    5.6442
    6.4672
    4.5953
    5.1534
    4.4742
    6.7977
    5.9436
    6.0712
    4.9763
    7.0103
    6.5685
    6.0422
    5.8137
    7.3960
    6.8650
    6.1941
    5.8098
    8.0317
    9.1817
    7.0293
    6.1538
    7.6391
    8.0865
    8.0054
    6.9880
    7.2094
    7.6094
    8.5736
    7.4406
    8.9766
    8.9673
    8.4492
    8.9678
    7.4868
    7.6024
    8.7006
   10.0137
    9.9311
    7.8166
    9.0487
    9.9704
    9.8995
    8.9706
    8.3451
    9.0792
    9.1850
    8.7659
   10.6469
   10.0758
   10.4134
    9.0124
   10.0847
    9.2379
   11.3570
   12.0592
   12.8124
   11.1226
   12.5011
   11.2876
   11.3867
   10.4668
   13.6972
   13.2298
   11.3930
    9.0604
    9.5474