   -5.4914
    0.2894
    0.1227
    2.6504
   -2.3319
    1.7886
   -1.7629
    1.0584
   -0.8698
   -1.6036
    0.0944
    0.4254
   -0.6163
    0.9072
    1.0398
    1.1073
    0.9251
    0.2339
    1.9699
   -0.8560
   -0.9911
   -1.7459
   -2.1093
   -2.0435
    0.6574
   -0.6552
    0.7206
    0.5487
   -1.5441
   -0.4553
   -0.0903
    0.3210
    0.8248
    1.2901
    0.0629
    1.3530
   -0.3612
    0.9131
   -0.3410
    1.2958
   -1.7337
    1.3054
   -0.3896
    0.4772
    0.2956
    1.0176
   -0.4457
   -0.8316
    0.6812
   -0.6462
    1.3534
   -0.5196
    0.0355
   -0.1275
    1.0430
    0.1215
    0.9695
    1.1840
   -0.1587
    1.1658
    0.2986
    1.8726
   -1.1399
    1.2976