   i      U(i)        H(U)(i)  Hinv(H(U))(i)

   0    0.577957   -0.226800    1.080700
   1    1.322695   -0.318400    0.755800
   2    1.015620   -0.109000    1.143300
   3    0.774761   -0.117500    0.680600
   4    0.786879    0.007300    0.889000
   5    1.132282   -0.050800    0.691900
   6    1.129156   -0.242000    0.968100
   7    0.427175   -0.130500    0.874300
   8    0.837822   -0.339500    0.669800
   9    0.968139   -0.190000    0.510200
  10    1.321498    0.136900    0.687900
  11    0.832695   -0.010400    0.670000
  12    0.941154   -0.062100    0.916300
  13    1.184413   -0.191000    0.590800
  14    0.877298   -0.211100    0.702700
  15    1.002272    0.118500    0.427300
  16    0.577906    0.319800    1.115200
  17    0.871948   -0.000800    0.842200
  18    0.727705   -0.414200    0.957100
  19    1.187476    0.360100    0.574600
  20    0.675146    0.015000    0.982000
  21    0.991677   -0.098400    1.461300
  22    0.901003    0.169100    1.289800
  23    1.167005   -0.216300    1.271000
  24    0.765611    0.048300    1.279200
  25    0.545135   -0.273500    1.151600
  26    1.101371    0.403700    0.858100
  27    0.778504    0.025500    0.213400
  28    0.714961   -0.093000    0.884900
  29    1.298519   -0.459300    0.766700
  30    1.117450   -0.208200    0.930100
  31    1.286772   -0.232100    1.263300
  32    0.830573   -0.251600    0.593300
  33    0.704253    0.241500    0.854300
  34    0.594192   -0.233300    0.660200
  35    1.135522   -0.210600    0.586600
  36    1.038405   -0.194600    1.332400
  37    1.144123   -0.154200    1.000900
  38    0.607860    0.000600    0.563300
  39    1.333678   -0.008300    0.899700
  40    1.015546    0.424300    0.955000
  41    1.128066   -0.396300    1.116700
  42    0.914954   -0.052700    1.196500
  43    1.216248   -0.261500    1.094600
  44    0.504092    0.142400    0.878900
  45    1.166760    0.145500    1.043900
  46    1.299306    0.530200    0.880800
  47    0.547573    0.516900    0.357600
  48    1.080122   -0.008400    0.555300
  49    0.777989    0.344600    0.659900
  50    0.711721    0.094400    1.211800
  51    1.042411   -0.176300    1.077400
  52    1.292513    0.174000    0.603700
  53    0.587246    0.158400    1.056700
  54    0.748231   -0.166100    1.058700
  55    0.706625   -0.172000    1.234400
  56    0.988957    0.457600    1.198100
  57    0.633017   -0.357800    1.026100
  58    1.154348   -0.278700    1.272800
  59    0.455967   -0.189400    0.456200
  60    1.263249    0.293500    1.131600
  61    1.278438    0.231500    0.976100
  62    0.685087   -0.044800    0.983000
  63    0.560057    0.183400    0.465800
  64    0.900204   -0.115000    1.037500
  65    1.298442    0.252700    0.796500
  66    0.572849   -0.191700    0.800900
  67    1.154879    0.354100    1.239700
  68    0.747712    0.059500    1.018900
  69    1.075390    0.365000    0.491800
  70    1.187588   -0.136700    1.048400
  71    0.858663    0.062700    0.878500
  72    0.653625   -0.161200    1.057700
  73    1.246230    0.275400    0.740500
  74    1.200257    0.273500    0.698200
  75    0.558534    0.035600    0.262900
  76    1.085683    0.298600    0.606300
  77    1.070951   -0.030400    0.742300
  78    0.712080    0.014800    0.991600
  79    0.705037    0.269400    1.193300
  80    0.677725   -0.248600    0.439900
  81    1.174684   -0.182300    0.821000
  82    0.514509   -0.175100    1.282700
  83    1.227798   -0.063800    0.902200
  84    0.911385    0.051100    1.114700
  85    0.696781   -0.477800    1.059200
  86    0.561056    0.136200    0.980100
  87    1.313769    0.176200    0.365900
  88    1.214985   -0.079400    0.920300
  89    1.062763   -0.142800    1.456500
  90    1.137548    0.406100    0.821000
  91    0.580444    0.176200    0.800900
  92    0.865287   -0.188700    0.472300
  93    0.383256    0.045700    1.324200
  94    0.713777    0.206800    0.391600
  95    1.210629    0.361000    1.007400
  96    1.229115   -0.092000    1.118800
  97    1.313917    0.235200    1.347800
  98    1.228912    0.287800    0.677900
  99    0.913157    0.191000    0.962400
  100    1.237322    0.200100    0.532600
  101    0.710032   -0.055200    0.489700
  102    1.095307    0.372500    0.923300
  103    1.274503   -0.396600    0.864100
  104    1.164166    0.297800    0.544600
  105    0.848766    0.270900    0.655100
  106    1.168292    0.047600    0.756000
  107    0.572913    0.180000    1.187600
  108    0.784798   -0.152400    1.108700
  109    1.239674   -0.159600    0.822600
  110    0.851023   -0.182400    1.102900
  111    1.277283   -0.445200    0.875300
  112    0.772000   -0.208800    0.318600
  113    0.790845    0.089000    0.797500
  114    1.080685   -0.461700    1.118800
  115    1.271373   -0.024500    0.741600
  116    1.311269   -0.371900    1.149100
  117    0.543594    0.276800    0.769300
  118    0.694547    0.399800    1.202300
  119    1.272734   -0.264300    1.025400
  120    0.667798    0.024300    0.660000
  121    1.179136   -0.424600    0.952800
  122    0.792667    0.498400    0.733000
  123    1.255831    0.076000    1.129800
  124    1.271969   -0.348600    0.743700
  125    1.257700   -0.188700    0.474700
  126    0.508948   -0.291200    0.527700
  127    0.505555    0.076600    0.874300
  128    0.700743    0.279800    1.159500
  129    0.748925    0.189000    1.223100
  130    1.224121   -0.122900    0.814200
  131    0.693028    0.243100    1.055000
  132    0.548570   -0.204000    0.977600
  133    0.935004   -0.373500    0.588400
  134    1.311489   -0.610000    0.458000
  135    1.052482   -0.108300    0.991400
  136    0.603058   -0.138600    0.793900
  137    0.486314    0.378300    0.915400
  138    0.787935    0.264900    0.676600
  139    1.069499    0.127200    1.290200
  140    0.899647   -0.161100    0.861900
  141    0.545754   -0.310800    0.429800
  142    1.290321    0.130300    0.466200
  143    0.574480   -0.167300    0.507000
  144    1.068940    0.586400    0.836000
  145    0.559948    0.123400    0.753900
  146    1.037396   -0.130000    0.596100
  147    1.153944    0.142600    1.028800
  148    1.020121   -0.387100    0.704400
  149    1.159277    0.439500    1.149200
  150    1.187345   -0.165900    1.005200
  151    1.170550    0.591300    1.092500
  152    1.075989   -0.309600    0.578300
  153    1.320876    0.235500    0.843500
  154    1.223196    0.041800    1.001300
  155    0.916516   -0.276600    1.124900
  156    0.573662   -0.471200    0.740700
  157    0.722219    0.205800    0.523200
  158    0.595374   -0.191900    0.714300
  159    1.248658   -0.198700    1.353700
  160    1.159341    0.499800    1.291500
  161    1.101742    0.135400    0.902600
  162    0.914009   -0.177400    0.883800
  163    0.957683   -0.315000    0.388400
  164    0.978949   -0.039900    0.932100
  165    1.001272    0.162500    0.834700
  166    0.530381   -0.188700    0.725400
  167    1.255900    0.102400    0.487200
  168    0.598171   -0.290900    0.435700
  169    1.168376   -0.386600    0.440000
  170    1.231643    0.530500    1.209700
  171    0.639804    0.209000    0.785000
  172    1.283332   -0.439300    0.738600
  173    0.781319   -0.350600    0.872900
  174    0.549565    0.025600    0.677300
  175    1.324433   -0.004800    0.934900
  176    0.657265   -0.282800    1.068700
  177    0.637263   -0.084000    1.071300
  178    1.013583   -0.473100    1.014100
  179    1.218795    0.118600    0.677200
  180    1.174921   -0.222700    0.575200
  181    0.926665    0.266200    1.251100
  182    0.657939    0.260100    0.922600
  183    0.533961    0.351500    1.228000
  184    0.812864    0.597000    1.277300
  185    1.287528    0.026200    1.004600
  186    1.225585   -0.295700    1.085200
  187    1.085762   -0.414600    1.165700
  188    0.948630    0.285000    0.726100
  189    0.650877    0.169000    0.854000
  190    0.595170   -0.133100    0.681300
  191    1.313048   -0.221600    1.336800
  192    0.580987    0.020700    1.317600
  193    1.114345    0.115000    1.288700
  194    1.310397   -0.131300    0.841100
  195    0.554508    0.050500    0.992700
  196    0.665049    0.102900    0.495200
  197    1.209892    0.218400    0.767600
  198    1.019194    0.522400    0.541200
  199    0.704412    0.622700    0.844000
  200    0.903345    0.256300    0.649100
  201    0.551555   -0.192400    1.001800
  202    1.209477    0.318100    0.982300
  203    1.263235    0.213000    0.948200
  204    0.974811    0.136100    0.533600
  205    1.257271   -0.079200    0.992200
  206    0.898600    0.320100    1.200100
  207    0.934844    0.373700    0.654000
  208    1.085233   -0.368100    0.793900
  209    1.104689   -0.050700    1.366700
  210    0.918861    0.124600    0.806000
  211    0.485759   -0.331800    1.110000
  212    0.507064    0.063600    1.193900
  213    1.018225    0.042800    1.435200
  214    1.223702   -0.209800    0.756200
  215    0.769356    0.297300    0.696600
  216    0.515551   -0.228600    1.053900
  217    1.096297   -0.263100    0.983800
  218    1.254370    0.045400    1.139400
  219    1.166517    0.470900    0.903900
  220    0.634292    0.216600    1.134900
  221    0.718318    0.077400    0.863300
  222    0.820983   -0.014300    1.346200
  223    0.571429    0.080700    0.705200
  224    0.593566   -0.219900    1.099500
  225    0.549530   -0.372100    0.784000
  226    0.972432    0.029300    0.930000
  227    0.941734    0.286600    1.136700
  228    0.904572   -0.062700    1.418800
  229    0.688126    0.029100    0.724800
  230    1.095131   -0.019200    1.062600
  231    0.826460    0.186200    1.073300
  232    1.186281    0.064600    1.308500
  233    1.318946    0.288800    0.713400
  234    1.137605    0.136400    0.844300
  235    0.871425   -0.276200    1.353900
  236    0.513070   -0.145400    0.504200
  237    0.595537    0.089300    0.846400
  238    0.523097   -0.283500    1.239100
  239    0.899924    0.027300    1.071100
  240    0.799274   -0.145300    0.961800
  241    0.719502   -0.397400    0.887000
  242    0.883528   -0.031600    1.406800
  243    1.102898   -0.039500    0.888200
  244    1.244985    0.460500    0.518500
  245    0.587423    0.013100    1.140800
  246    0.791740    0.324600    0.874800
  247    1.209772   -0.217000    1.004100
  248    1.091028    0.214200    1.003100
  249    0.621586   -0.556900    0.315300
